Date,Open,High,Low,Close,Adj Close,Volume
2016-04-28,19.000000,19.799999,18.900000,19.200001,16.903023,531900
2016-04-29,19.650000,20.719999,19.430000,20.230000,17.809793,587800
2016-05-02,20.139999,20.830000,19.639999,20.260000,17.836206,545500
2016-05-03,19.930000,20.459999,19.639999,20.290001,17.862621,515600
2016-05-04,20.260000,20.379999,18.980000,19.080000,16.797377,395700
2016-05-05,19.299999,19.400000,18.500000,18.770000,16.524464,381600
2016-05-06,18.690001,19.330000,18.559999,19.299999,16.991056,275000
2016-05-09,19.120001,19.120001,18.379999,18.410000,16.207535,272100
2016-05-10,18.629999,19.660000,18.629999,19.360001,17.043879,325200
2016-05-11,19.370001,19.500000,18.750000,18.840000,16.586086,189600
2016-05-12,19.010000,19.280001,18.510000,18.790001,16.542072,297800
2016-05-13,18.700001,18.920000,18.110001,18.240000,16.057871,333700
2016-05-16,18.360001,18.870001,18.360001,18.500000,16.286768,224400
2016-05-17,18.469999,19.830000,18.469999,19.000000,16.726950,232900
2016-05-18,18.820000,19.389999,18.820000,19.170000,16.876608,352200
2016-05-19,19.010000,19.260000,18.299999,18.420000,16.216337,217800
2016-05-20,18.620001,18.730000,18.209999,18.660000,16.427626,148500
2016-05-23,18.570000,18.959999,18.450001,18.809999,16.559675,249200
2016-05-24,18.559999,19.400000,18.450001,19.209999,17.162741,335800
2016-05-25,19.400000,19.950001,19.299999,19.840000,17.725601,379600
2016-05-26,19.990000,20.190001,19.350000,19.389999,17.323559,192800
2016-05-27,19.389999,20.040001,19.040001,19.240000,17.189545,169500
2016-05-31,19.270000,19.879999,19.090000,19.219999,17.171677,278300
2016-06-01,19.080000,19.350000,18.320000,19.290001,17.234215,285000
2016-06-02,19.090000,19.770000,19.090000,19.660000,17.564787,205500
2016-06-03,19.750000,19.910000,19.350000,19.690001,17.591589,134800
2016-06-06,19.910000,20.490000,19.200001,20.250000,18.091908,274900
2016-06-07,20.209999,20.510000,19.830000,20.010000,17.877483,373800
2016-06-08,20.219999,20.469999,20.129999,20.299999,18.136576,169000
2016-06-09,20.020000,20.480000,19.629999,19.840000,17.725601,115500
2016-06-10,19.540001,19.590000,18.740000,19.170000,17.127005,201400
2016-06-13,19.049999,19.440001,18.870001,19.000000,16.975122,149700
2016-06-14,18.860001,19.219999,18.430000,18.959999,16.939384,165600
2016-06-15,19.040001,19.370001,18.760000,18.820000,16.814306,294800
2016-06-16,18.629999,19.059999,18.260000,18.940001,16.921520,386900
2016-06-17,18.940001,19.660000,18.940001,19.309999,17.252083,421800
2016-06-20,19.549999,20.000000,19.309999,19.889999,17.770273,162900
2016-06-21,19.860001,19.950001,19.160000,19.530001,17.448641,135400
2016-06-22,19.690001,19.969999,19.410000,19.510000,17.430771,156200
2016-06-23,19.860001,20.440001,19.730000,20.309999,18.145514,232500
2016-06-24,19.209999,19.879999,18.700001,19.090000,17.055532,531500
2016-06-27,18.799999,19.080000,17.360001,17.480000,15.617114,379000
2016-06-28,17.840000,18.240000,17.629999,17.830000,15.929813,270000
2016-06-29,18.260000,19.030001,17.790001,18.980000,16.957253,255200
2016-06-30,19.080000,19.170000,18.530001,19.030001,17.001926,178000
2016-07-01,18.969999,19.410000,18.820000,19.120001,17.082336,208400
2016-07-05,18.830000,18.840000,17.910000,18.059999,16.135302,183500
2016-07-06,17.900000,18.309999,17.480000,18.139999,16.206776,234100
2016-07-07,18.260000,18.600000,17.870001,18.059999,16.135302,189800
2016-07-08,18.370001,19.330000,18.129999,19.230000,17.180607,379600
2016-07-11,19.389999,19.469999,19.110001,19.120001,17.082336,130400
2016-07-12,19.420000,19.639999,19.049999,19.330000,17.269955,356500
2016-07-13,19.420000,19.420000,18.860001,19.070000,17.037663,257300
2016-07-14,19.350000,19.450001,18.910000,18.980000,16.957253,280700
2016-07-15,19.150000,19.350000,18.809999,19.180000,17.135939,215700
2016-07-18,19.090000,19.440001,18.660000,18.760000,16.760700,181800
2016-07-19,18.639999,18.670000,17.850000,17.930000,16.019156,202900
2016-07-20,17.950001,18.520000,17.850000,18.370001,16.412264,251600
2016-07-21,18.750000,19.250000,18.490000,19.010000,16.984056,1037400
2016-07-22,18.990000,19.360001,18.910000,19.299999,17.243149,229700
2016-07-25,19.170000,19.340000,19.059999,19.110001,17.073400,132700
2016-07-26,19.180000,19.760000,19.180000,19.700001,17.600525,363300
2016-07-27,19.900000,20.049999,19.540001,19.750000,17.645193,276900
2016-07-28,18.690001,19.530001,18.230000,18.780001,16.778568,539600
2016-07-29,18.690001,18.799999,17.980000,18.620001,16.635622,613200
2016-08-01,18.600000,18.650000,18.240000,18.280001,16.331858,434800
2016-08-02,18.350000,18.490000,17.459999,17.480000,15.617114,292300
2016-08-03,17.490000,18.020000,17.320000,17.920000,16.010220,157500
2016-08-04,17.850000,18.000000,17.520000,17.570000,15.697520,160900
2016-08-05,17.719999,18.010000,17.650000,17.920000,16.010220,164300
2016-08-08,17.900000,18.160000,17.700001,18.049999,16.126366,247900
2016-08-09,17.980000,17.990000,17.150000,17.150000,15.322281,324600
2016-08-10,17.260000,17.290001,16.770000,17.020000,15.206138,388300
2016-08-11,17.040001,17.400000,16.959999,16.990000,15.179335,147000
2016-08-12,16.860001,16.990000,16.530001,16.680000,14.902371,301500
2016-08-15,16.780001,17.219999,16.639999,16.870001,15.072124,151400
2016-08-16,16.910000,17.059999,16.709999,16.730000,14.947042,134600
2016-08-17,16.760000,16.760000,16.200001,16.280001,14.545000,203600
2016-08-18,16.010000,16.469999,15.910000,16.350000,14.858529,252700
2016-08-19,16.250000,16.650000,16.150000,16.440001,14.940318,178700
2016-08-22,16.170000,16.360001,16.030001,16.129999,14.658597,317900
2016-08-23,16.250000,16.629999,16.150000,16.590000,15.076634,440500
2016-08-24,16.530001,16.680000,16.200001,16.230000,14.749475,122300
2016-08-25,16.170000,16.330000,16.010000,16.170000,14.694948,106300
2016-08-26,16.260000,16.570000,16.120001,16.180000,14.704036,99600
2016-08-29,16.219999,16.360001,16.100000,16.129999,14.658597,76200
2016-08-30,16.190001,16.320000,15.970000,16.090000,14.622246,121100
2016-08-31,16.020000,16.080000,15.640000,15.930000,14.476842,245100
2016-09-01,15.960000,16.020000,15.520000,15.790000,14.349613,219100
2016-09-02,15.970000,16.000000,15.760000,15.930000,14.476842,135700
2016-09-06,15.980000,16.000000,15.640000,15.850000,14.404140,216800
2016-09-07,15.800000,16.500000,15.800000,16.459999,14.958494,410300
2016-09-08,16.490000,16.620001,16.299999,16.440001,14.940318,237700
2016-09-09,16.469999,16.469999,15.340000,15.480000,14.067890,229200
2016-09-12,15.310000,15.800000,15.290000,15.770000,14.331439,164300
2016-09-13,15.550000,15.740000,14.820000,14.960000,13.595327,252500
2016-09-14,15.110000,15.330000,14.870000,15.240000,13.849783,222700
2016-09-15,15.280000,15.710000,15.190000,15.570000,14.149680,209100
2016-09-16,15.450000,15.530000,15.100000,15.470000,14.058804,314400
2016-09-19,15.660000,15.920000,15.390000,15.730000,14.295086,294500
2016-09-20,15.780000,15.830000,15.290000,15.390000,13.986102,111700
2016-09-21,15.530000,15.800000,15.360000,15.750000,14.313262,144600
2016-09-22,15.960000,16.170000,15.880000,16.139999,14.667684,183200
2016-09-23,16.059999,16.150000,15.800000,15.950000,14.495018,143900
2016-09-26,15.760000,15.920000,15.670000,15.730000,14.295086,135900
2016-09-27,15.600000,15.820000,15.420000,15.800000,14.358702,119400
2016-09-28,15.870000,16.490000,15.730000,16.469999,14.967580,164100
2016-09-29,16.480000,16.910000,16.420000,16.709999,15.185686,204200
2016-09-30,16.860001,17.090000,16.620001,16.760000,15.231128,293400
2016-10-03,16.650000,16.959999,16.590000,16.799999,15.267480,132800
2016-10-04,16.799999,16.990000,16.469999,16.650000,15.131161,200200
2016-10-05,16.889999,17.309999,16.370001,17.200001,15.630993,199900
2016-10-06,17.049999,17.530001,17.049999,17.420000,15.830920,193000
2016-10-07,16.799999,17.040001,15.370000,15.730000,14.295086,925300
2016-10-10,15.880000,16.420000,15.750000,15.940000,14.485929,410600
2016-10-11,15.890000,16.100000,15.500000,15.750000,14.313262,525900
2016-10-12,15.680000,15.840000,15.460000,15.690000,14.258735,364300
2016-10-13,15.400000,15.410000,14.680000,14.790000,13.440833,251800
2016-10-14,14.830000,15.000000,14.420000,14.730000,13.386307,282400
2016-10-17,14.590000,14.700000,14.490000,14.530000,13.204553,169700
2016-10-18,14.600000,14.860000,14.490000,14.740000,13.395395,219800
2016-10-19,14.900000,15.200000,14.410000,15.120000,13.740730,196100
2016-10-20,15.240000,15.600000,14.920000,15.460000,14.049716,266100
2016-10-21,15.270000,15.600000,15.110000,15.440000,14.031539,279600
2016-10-24,15.600000,15.760000,15.380000,15.660000,14.231472,212400
2016-10-25,15.680000,15.880000,15.530000,15.680000,14.249648,172000
2016-10-26,15.570000,15.970000,15.440000,15.750000,14.313262,591600
2016-10-27,15.370000,15.760000,14.770000,14.900000,13.540799,260400
2016-10-28,14.740000,15.150000,14.090000,14.270000,12.968269,534100
2016-10-31,14.290000,14.290000,13.910000,13.950000,12.677460,674100
2016-11-01,14.090000,14.100000,12.720000,12.830000,11.659629,812700
2016-11-02,13.280000,13.830000,13.280000,13.480000,12.250335,666900
2016-11-03,13.520000,13.660000,13.180000,13.220000,12.014051,263200
2016-11-04,13.150000,13.650000,13.060000,13.230000,12.023140,371500
2016-11-07,13.690000,13.860000,13.460000,13.570000,12.332124,492200
2016-11-08,13.610000,13.640000,13.300000,13.360000,12.141279,427200
2016-11-09,14.110000,15.760000,13.760000,15.710000,14.276913,1498100
2016-11-10,15.860000,16.299999,15.130000,15.180000,13.795259,806400
2016-11-11,15.230000,17.250000,15.230000,17.240000,15.667342,897100
2016-11-14,17.360001,18.059999,17.010000,18.020000,16.376188,963300
2016-11-15,18.170000,18.650000,17.799999,18.540001,16.848755,595900
2016-11-16,18.450001,18.530001,17.760000,17.760000,16.139906,528300
2016-11-17,17.500000,17.879999,17.160000,17.709999,16.347595,378000
2016-11-18,17.629999,17.629999,17.350000,17.379999,16.042982,237900
2016-11-21,17.580000,17.730000,17.020000,17.600000,16.246058,558200
2016-11-22,17.700001,17.950001,17.379999,17.680000,16.319902,347200
2016-11-23,17.639999,18.969999,17.440001,18.709999,17.270666,571600
2016-11-25,18.700001,18.700001,18.150000,18.490000,17.067593,142300
2016-11-28,18.549999,18.549999,17.840000,17.930000,16.550673,183700
2016-11-29,17.770000,18.260000,17.420000,17.889999,16.513748,308200
2016-11-30,18.150000,18.920000,18.150000,18.410000,16.993748,760200
2016-12-01,18.650000,20.700001,18.510000,20.590000,19.006044,1239800
2016-12-02,20.610001,21.490000,20.459999,21.480000,19.827576,683600
2016-12-05,21.530001,22.209999,21.320000,22.090000,20.390650,903300
2016-12-06,22.000000,22.570000,21.719999,22.500000,20.769108,433100
2016-12-07,22.500000,23.379999,22.469999,23.190001,21.406031,658800
2016-12-08,23.320000,23.459999,22.889999,23.389999,21.590643,499300
2016-12-09,23.469999,23.820000,23.160000,23.809999,21.978333,587600
2016-12-12,23.850000,24.000000,23.219999,23.680000,21.858334,471300
2016-12-13,23.889999,24.150000,22.969999,23.129999,21.350643,368400
2016-12-14,22.910000,23.330000,22.389999,22.690001,20.944496,386600
2016-12-15,22.590000,23.500000,22.540001,23.400000,21.599871,424600
2016-12-16,23.540001,23.590000,22.940001,23.160000,21.378336,602800
2016-12-19,23.080000,23.480000,22.670000,22.990000,21.221413,380200
2016-12-20,23.400000,24.290001,22.990000,23.860001,22.024487,543900
2016-12-21,23.719999,24.000000,23.570000,23.760000,21.932178,242800
2016-12-22,23.760000,23.879999,23.230000,23.520000,21.710644,256100
2016-12-23,23.549999,23.700001,23.459999,23.490000,21.682951,97100
2016-12-27,23.590000,23.950001,23.549999,23.600000,21.784487,178500
2016-12-28,23.650000,23.790001,22.980000,23.090000,21.313723,183600
2016-12-29,23.200001,23.430000,23.030001,23.200001,21.415260,218500
2016-12-30,23.309999,23.480000,23.049999,23.250000,21.461412,196800
2017-01-03,23.790001,24.260000,23.080000,23.580000,21.766026,571300
2017-01-04,23.629999,23.920000,23.440001,23.559999,21.747564,263700
2017-01-05,23.570000,23.870001,23.190001,23.459999,21.655256,249700
2017-01-06,23.400000,23.780001,23.010000,23.110001,21.332182,261200
2017-01-09,23.030001,23.030001,21.299999,21.469999,19.818344,491200
2017-01-10,22.320000,23.110001,21.770000,22.290001,20.575266,339500
2017-01-11,22.309999,22.790001,22.080000,22.490000,20.759876,134400
2017-01-12,22.600000,22.600000,21.450001,22.020000,20.326035,167600
2017-01-13,22.200001,22.309999,21.889999,21.910000,20.224495,193100
2017-01-17,21.809999,22.360001,21.440001,22.000000,20.307577,347900
2017-01-18,22.100000,22.680000,22.000000,22.650000,20.907570,592700
2017-01-19,22.650000,23.610001,22.650000,23.420000,21.618334,516700
2017-01-20,23.520000,23.870001,23.299999,23.580000,21.766026,383300
2017-01-23,23.520000,23.820000,23.150000,23.490000,21.682951,261900
2017-01-24,23.680000,24.990000,23.559999,24.719999,22.818329,404100
2017-01-25,24.860001,25.540001,24.809999,24.950001,23.030636,280400
2017-01-26,25.820000,26.430000,25.459999,25.920000,23.926016,580500
2017-01-27,25.799999,26.280001,25.620001,26.240000,24.221397,315100
2017-01-30,25.959999,26.610001,25.500000,26.340000,24.313707,386900
2017-01-31,26.340000,26.440001,25.309999,25.860001,23.870632,323800
2017-02-01,26.250000,26.629999,25.920000,26.410000,24.378319,166000
2017-02-02,26.250000,26.299999,25.250000,25.270000,23.326017,270100
2017-02-03,25.559999,25.879999,25.190001,25.400000,23.446016,317600
2017-02-06,25.440001,25.459999,24.680000,24.820000,22.910637,176600
2017-02-07,24.860001,25.170000,24.450001,24.590000,22.698330,366500
2017-02-08,24.500000,24.680000,23.719999,23.860001,22.024487,258300
2017-02-09,23.840000,24.430000,23.830000,24.120001,22.264486,473900
2017-02-10,24.450001,24.490000,23.980000,24.209999,22.347565,169300
2017-02-13,24.330000,24.670000,24.160000,24.280001,22.412178,179500
2017-02-14,24.190001,24.559999,23.889999,24.520000,22.633715,252600
2017-02-15,24.490000,24.900000,24.320000,24.750000,22.846018,178200
2017-02-16,24.780001,24.969999,24.309999,24.770000,22.864483,228100
2017-02-17,24.770000,24.770000,24.110001,24.330000,22.458330,283700
2017-02-21,24.309999,25.010000,24.309999,24.940001,23.021404,352000
2017-02-22,24.709999,24.860001,24.129999,24.440001,22.559872,337900
2017-02-23,24.510000,25.559999,23.370001,23.620001,22.051069,472600
2017-02-24,23.420000,25.660000,23.350000,25.500000,23.806190,548800
2017-02-27,25.680000,27.000000,25.270000,26.959999,25.169210,391800
2017-02-28,26.840000,26.930000,25.879999,26.240000,24.497038,446800
2017-03-01,26.770000,27.540001,26.459999,27.469999,25.645336,502200
2017-03-02,27.330000,27.469999,26.719999,26.750000,24.973162,314600
2017-03-03,26.570000,27.070000,25.530001,26.100000,24.366335,241500
2017-03-06,25.750000,26.120001,25.350000,25.870001,24.151617,227500
2017-03-07,25.750000,26.389999,25.490000,25.570000,23.871542,211200
2017-03-08,25.680000,26.040001,25.540001,25.580000,23.880877,395600
2017-03-09,25.379999,25.629999,24.200001,24.420000,22.797932,340400
2017-03-10,24.540001,25.209999,24.180000,24.440001,22.816605,368000
2017-03-13,24.459999,24.799999,24.450001,24.719999,23.078005,293400
2017-03-14,24.709999,24.930000,23.830000,23.940001,22.349815,282600
2017-03-15,24.120001,25.180000,24.030001,24.969999,23.311396,320900
2017-03-16,25.000000,25.040001,24.469999,24.629999,22.993980,171800
2017-03-17,24.750000,25.559999,24.750000,25.420000,23.731504,425100
2017-03-20,25.410000,25.660000,24.650000,25.350000,23.666159,188700
2017-03-21,25.440001,25.580000,24.370001,24.420000,22.797932,364600
2017-03-22,24.230000,24.770000,23.830000,24.070000,22.471178,510500
2017-03-23,24.070000,24.610001,23.809999,24.330000,22.713909,133500
2017-03-24,24.420000,24.520000,23.570000,23.750000,22.172434,122400
2017-03-27,23.230000,23.719999,22.709999,23.590000,22.023062,205300
2017-03-28,23.590000,24.290001,23.370001,24.160000,22.555199,258400
2017-03-29,24.020000,24.330000,23.799999,23.930000,22.340477,210300
2017-03-30,23.910000,24.430000,23.820000,24.290001,22.676567,144200
2017-03-31,24.040001,24.700001,24.000000,24.520000,22.891289,206000
2017-04-03,24.610001,24.750000,23.719999,23.969999,22.377821,182100
2017-04-04,23.910000,24.150000,23.820000,24.100000,22.499186,155200
2017-04-05,24.350000,25.120001,23.350000,23.600000,22.032398,300000
2017-04-06,23.670000,24.760000,23.660000,24.580000,22.947304,252300
2017-04-07,24.549999,24.930000,23.840000,24.299999,22.685902,422800
2017-04-10,24.200001,24.790001,24.200001,24.490000,22.863279,146000
2017-04-11,24.350000,24.940001,24.120001,24.910000,23.255384,113500
2017-04-12,24.730000,24.730000,23.570000,23.670000,22.097746,195600
2017-04-13,23.600000,23.820000,23.020000,23.120001,21.584284,161600
2017-04-17,23.250000,23.719999,22.790001,23.340000,21.789669,212500
2017-04-18,22.950001,23.270000,22.660000,23.100000,21.565613,290400
2017-04-19,23.250000,23.750000,23.219999,23.440001,21.883028,239700
2017-04-20,23.469999,23.510000,22.690001,23.389999,21.836346,402300
2017-04-21,23.410000,23.510000,22.690001,22.860001,21.341551,238500
2017-04-24,23.469999,23.709999,23.020000,23.450001,21.892363,226800
2017-04-25,23.690001,23.920000,23.129999,23.360001,21.808340,359400
2017-04-26,23.160000,24.040001,23.160000,23.670000,22.097746,310400
2017-04-27,22.990000,23.930000,20.260000,20.730000,19.353033,1165200
2017-04-28,20.940001,21.770000,20.709999,21.120001,19.717129,485000
2017-05-01,21.150000,21.240000,20.350000,20.870001,19.483734,291200
2017-05-02,20.860001,21.049999,20.709999,20.950001,19.558422,180700
2017-05-03,20.780001,20.990000,20.510000,20.809999,19.427719,273600
2017-05-04,20.780001,20.900000,20.360001,20.790001,19.409050,260800
2017-05-05,20.879999,21.049999,20.680000,20.840000,19.455727,223900
2017-05-08,20.920000,21.209999,20.600000,21.200001,19.791817,204200
2017-05-09,21.309999,21.549999,21.100000,21.379999,19.959856,197600
2017-05-10,21.400000,21.780001,21.260000,21.719999,20.277271,339000
2017-05-11,21.719999,21.750000,21.070000,21.299999,19.885172,188600
2017-05-12,21.100000,21.100000,20.240000,20.309999,18.960932,298100
2017-05-15,20.440001,20.770000,20.350000,20.520000,19.156984,138800
2017-05-16,20.549999,20.549999,20.200001,20.350000,18.998276,136500
2017-05-17,20.000000,20.270000,18.540001,18.650000,17.411194,379900
2017-05-18,18.540001,18.650000,18.010000,18.340000,17.121786,445000
2017-05-19,18.400000,19.230000,18.270000,19.000000,17.737947,336000
2017-05-22,19.610001,19.610001,19.080000,19.490000,18.195396,237600
2017-05-23,19.580000,20.209999,19.129999,19.650000,18.344772,411500
2017-05-24,19.590000,20.250000,19.209999,20.110001,18.774218,295600
2017-05-25,20.209999,20.549999,19.750000,20.000000,18.671522,417900
2017-05-26,19.910000,20.209999,19.770000,20.180000,18.839567,289700
2017-05-30,20.030001,20.360001,19.860001,20.059999,18.727541,465600
2017-05-31,19.860001,19.969999,19.120001,19.889999,18.826927,324200
2017-06-01,19.950001,20.969999,19.799999,20.709999,19.603098,293800
2017-06-02,20.620001,21.230000,20.370001,20.370001,19.281273,245500
2017-06-05,20.330000,20.330000,19.629999,19.889999,18.826927,310700
2017-06-06,19.730000,20.040001,19.330000,19.870001,18.807997,282500
2017-06-07,19.950001,19.980000,19.059999,19.299999,18.268459,529700
2017-06-08,19.209999,19.559999,19.059999,19.360001,18.325253,466400
2017-06-09,19.340000,19.940001,18.920000,19.719999,18.666014,265600
2017-06-12,19.840000,20.480000,19.840000,20.030001,18.959444,200700
2017-06-13,20.160000,20.250000,19.809999,20.040001,18.968910,138600
2017-06-14,20.030001,20.180000,19.160000,19.379999,18.344183,162000
2017-06-15,19.150000,19.620001,18.870001,18.990000,17.975027,153100
2017-06-16,18.639999,19.120001,18.639999,19.110001,18.088617,350300
2017-06-19,19.209999,19.760000,19.070000,19.580000,18.533495,126100
2017-06-20,19.490000,19.490000,18.620001,18.840000,17.833048,128400
2017-06-21,18.870001,18.950001,17.440001,17.770000,16.820234,527300
2017-06-22,17.840000,18.860001,17.740000,18.540001,17.549084,317000
2017-06-23,18.559999,19.400000,18.330000,19.379999,18.344183,349900
2017-06-26,19.450001,19.610001,18.930000,19.410000,18.372581,137600
2017-06-27,19.450001,19.620001,19.180000,19.200001,18.173805,130900
2017-06-28,19.379999,19.900000,19.230000,19.719999,18.666014,177300
2017-06-29,19.750000,20.450001,19.670000,19.889999,18.826927,168100
2017-06-30,20.030001,20.670000,19.920000,20.410000,19.319134,187700
2017-07-03,20.350000,20.799999,20.139999,20.570000,19.470583,92400
2017-07-05,20.530001,20.740000,19.959999,20.340000,19.252876,123100
2017-07-06,20.309999,20.600000,19.900000,19.980000,18.912115,127600
2017-07-07,19.980000,19.990000,19.270000,19.870001,18.807997,192300
2017-07-10,19.840000,20.100000,19.340000,19.840000,18.779598,310900
2017-07-11,19.879999,20.650000,19.639999,20.420000,19.328600,309900
2017-07-12,20.719999,21.219999,20.320000,20.440001,19.347530,203500
2017-07-13,20.520000,20.850000,20.070000,20.379999,19.290735,96600
2017-07-14,20.370001,22.010000,20.370001,21.900000,20.729498,602200
2017-07-17,21.910000,22.430000,21.490000,21.590000,20.436066,370900
2017-07-18,21.490000,22.080000,20.900000,21.969999,20.795755,237700
2017-07-19,22.000000,22.010000,21.559999,21.750000,20.587513,290500
2017-07-20,21.950001,22.450001,21.940001,22.379999,21.183842,803200
2017-07-21,22.510000,22.510000,21.780001,22.209999,21.022930,420300
2017-07-24,22.240000,22.559999,22.000000,22.430000,21.231169,239000
2017-07-25,22.740000,23.610001,22.540001,23.209999,21.969479,703300
2017-07-26,23.219999,23.250000,22.730000,23.040001,21.808567,197900
2017-07-27,24.250000,24.250000,22.850000,23.730000,22.461687,500200
2017-07-28,23.870001,23.889999,22.500000,22.920000,21.694981,444300
2017-07-31,23.170000,23.320000,22.480000,22.570000,21.363688,367800
2017-08-01,22.610001,22.770000,21.889999,21.969999,20.795755,350300
2017-08-02,21.889999,22.150000,21.709999,21.950001,20.776827,334600
2017-08-03,22.000000,22.469999,21.959999,22.459999,21.259563,306300
2017-08-04,22.570000,23.340000,22.570000,23.170000,21.931618,346400
2017-08-07,23.160000,23.350000,22.900000,23.049999,21.818031,273800
2017-08-08,22.980000,23.500000,22.830000,23.040001,21.808567,400400
2017-08-09,22.870001,22.900000,21.969999,22.180000,20.994532,200400
2017-08-10,22.030001,22.150000,21.430000,21.469999,20.322479,307600
2017-08-11,21.570000,21.879999,21.150000,21.590000,20.436066,185400
2017-08-14,21.809999,21.809999,20.750000,20.930000,19.811340,586400
2017-08-15,21.049999,21.570000,20.820000,21.090000,19.962790,274900
2017-08-16,21.290001,21.700001,21.070000,21.290001,20.152102,309100
2017-08-17,21.270000,21.730000,21.129999,21.150000,20.019581,226000
2017-08-18,20.969999,21.250000,20.830000,20.860001,19.745083,277500
2017-08-21,20.889999,21.120001,20.590000,20.809999,19.697754,278400
2017-08-22,20.930000,21.270000,20.930000,21.100000,19.972256,307200
2017-08-23,20.850000,21.250000,20.520000,20.530001,19.432720,165400
2017-08-24,20.620001,20.790001,20.270000,20.290001,19.205545,216800
2017-08-25,20.440001,20.570000,20.160000,20.290001,19.205545,224200
2017-08-28,20.469999,21.670000,20.320000,21.459999,20.313013,974100
2017-08-29,21.320000,23.250000,21.320000,23.070000,21.836962,661500
2017-08-30,22.900000,24.170000,22.280001,24.110001,23.096697,685600
2017-08-31,24.270000,24.400000,23.230000,23.540001,22.550652,530500
2017-09-01,23.700001,24.959999,23.620001,24.700001,23.661898,612700
2017-09-05,24.850000,25.350000,24.000000,24.840000,23.796013,629000
2017-09-06,25.049999,25.049999,24.510000,24.799999,23.757692,397900
2017-09-07,24.950001,25.190001,24.610001,24.910000,23.863073,451600
2017-09-08,24.830000,25.469999,24.709999,25.379999,24.313320,274300
2017-09-11,25.760000,26.139999,25.559999,25.590000,24.514492,350700
2017-09-12,25.700001,26.250000,25.639999,26.129999,25.031797,200200
2017-09-13,26.200001,26.200001,25.620001,25.910000,24.821043,261900
2017-09-14,25.780001,25.780001,25.139999,25.360001,24.294161,272400
2017-09-15,25.450001,25.740000,25.400000,25.610001,24.533653,342500
2017-09-18,25.740000,26.360001,25.700001,26.120001,25.022217,359100
2017-09-19,26.260000,26.790001,26.219999,26.639999,25.520363,289700
2017-09-20,26.650000,27.129999,26.580000,26.900000,25.769436,257800
2017-09-21,26.879999,26.969999,26.540001,26.629999,25.510782,156300
2017-09-22,26.719999,27.219999,26.629999,27.170000,26.028088,198200
2017-09-25,27.200001,27.299999,26.549999,26.969999,25.836494,217000
2017-09-26,27.809999,28.580000,27.420000,28.430000,27.235132,561100
2017-09-27,28.600000,29.330000,28.020000,29.170000,27.944031,439800
2017-09-28,29.190001,30.209999,28.920000,29.879999,28.624189,421700
2017-09-29,29.600000,29.820000,28.959999,29.200001,27.972771,266100
2017-10-02,29.040001,29.680000,28.730000,29.580000,28.336798,223800
2017-10-03,29.690001,30.170000,29.350000,30.150000,28.882843,226200
2017-10-04,30.139999,30.139999,29.530001,29.799999,28.547550,149600
2017-10-05,29.820000,30.120001,29.690001,29.700001,28.451756,113400
2017-10-06,29.520000,30.059999,29.520000,29.809999,28.557131,109900
2017-10-09,29.990000,30.080000,29.049999,29.549999,28.308060,146300
2017-10-10,29.850000,30.000000,29.620001,29.700001,28.451756,211500
2017-10-11,29.690001,29.889999,29.340000,29.770000,28.518816,134200
2017-10-12,29.700001,30.240000,29.580000,30.150000,28.882843,125500
2017-10-13,30.320000,30.450001,29.549999,29.809999,28.557131,211800
2017-10-16,29.809999,30.049999,29.420000,29.700001,28.451756,215300
2017-10-17,29.709999,29.920000,29.400000,29.540001,28.298483,201200
2017-10-18,29.549999,29.900000,29.410000,29.510000,28.269741,171600
2017-10-19,29.400000,29.570000,28.620001,29.100000,27.876974,206800
2017-10-20,29.430000,29.440001,28.780001,28.790001,27.580004,194500
2017-10-23,28.870001,29.090000,27.930000,28.000000,26.823204,470500
2017-10-24,28.309999,28.969999,27.459999,28.690001,27.484203,584800
2017-10-25,28.700001,28.830000,27.770000,28.120001,26.938162,225900
2017-10-26,29.830000,30.059999,29.000000,29.930000,28.672089,624600
2017-10-27,30.219999,32.900002,29.959999,32.490002,31.124498,747400
2017-10-30,31.889999,32.860001,29.950001,32.650002,31.277773,529900
2017-10-31,32.849998,33.139999,32.279999,32.939999,31.555584,502800
2017-11-01,33.139999,33.799999,32.560001,32.950001,31.565165,314100
2017-11-02,33.070000,33.740002,32.770000,33.590000,32.178268,299300
2017-11-03,33.700001,33.700001,33.040001,33.150002,31.756760,288600
2017-11-06,33.150002,34.029999,32.980000,33.959999,32.532715,450500
2017-11-07,33.810001,34.400002,33.599998,33.959999,32.532715,299400
2017-11-08,33.660000,34.230000,33.119999,33.980000,32.551872,211300
2017-11-09,33.580002,34.459999,33.580002,34.040001,32.609356,240800
2017-11-10,33.910000,34.189999,33.610001,33.860001,32.436920,124600
2017-11-13,33.730000,34.279999,33.349998,34.040001,32.609356,220100
2017-11-14,33.660000,34.200001,32.900002,33.320000,31.919609,166200
2017-11-15,32.849998,33.240002,32.570000,33.090000,31.699278,362600
2017-11-16,33.349998,35.189999,33.169998,34.730000,33.270351,531800
2017-11-17,34.410000,35.000000,33.990002,34.599998,33.410366,356300
2017-11-20,34.560001,35.000000,34.000000,34.759998,33.564869,364700
2017-11-21,35.490002,36.439999,35.470001,36.360001,35.109856,360700
2017-11-22,36.840000,37.230000,36.020000,36.209999,34.965012,386100
2017-11-24,36.410000,36.680000,35.680000,36.070000,34.829823,76000
2017-11-27,36.080002,36.360001,35.570000,35.910000,34.675327,319700
2017-11-28,35.950001,36.720001,35.930000,36.669998,35.409191,203700
2017-11-29,36.669998,37.290001,36.520000,37.000000,35.727848,234500
2017-11-30,37.169998,37.770000,36.889999,37.189999,35.911316,377200
2017-12-01,37.299999,37.299999,35.400002,36.849998,35.583008,279900
2017-12-04,37.459999,37.980000,36.619999,36.680000,35.418854,364300
2017-12-05,36.680000,37.139999,36.430000,36.459999,35.206417,172100
2017-12-06,36.240002,37.000000,35.590000,35.869999,34.636700,158100
2017-12-07,36.009998,36.910000,36.009998,36.730000,35.467133,261400
2017-12-08,37.110001,37.380001,36.590000,37.279999,35.998222,209600
2017-12-11,37.290001,38.189999,37.290001,37.700001,36.403786,552700
2017-12-12,37.779999,38.169998,37.700001,38.020000,36.712776,281300
2017-12-13,38.119999,38.660000,38.000000,38.509998,37.185936,388200
2017-12-14,38.520000,38.849998,38.049999,38.189999,36.876930,258300
2017-12-15,38.349998,38.660000,37.889999,38.349998,37.031433,517200
2017-12-18,39.470001,39.910000,39.000000,39.740002,38.373642,269600
2017-12-19,39.740002,40.119999,39.119999,39.169998,37.823238,212500
2017-12-20,39.619999,39.660000,39.110001,39.630001,38.267426,209200
2017-12-21,39.810001,40.240002,39.099998,39.939999,38.566765,311800
2017-12-22,40.099998,40.099998,39.320000,39.500000,38.141895,181200
2017-12-26,39.380001,39.900002,39.130001,39.700001,38.335022,157900
2017-12-27,39.750000,40.450001,39.520000,39.880001,38.508831,164700
2017-12-28,40.049999,40.470001,39.779999,40.139999,38.759884,191200
2017-12-29,40.380001,40.830002,39.849998,40.650002,39.252354,417500
2018-01-02,40.830002,41.060001,38.360001,39.080002,37.736336,458200
2018-01-03,39.070000,39.779999,38.189999,38.200001,36.886593,472000
2018-01-04,38.180000,39.310001,37.880001,39.220001,37.871521,352400
2018-01-05,39.290001,39.910000,38.299999,38.680000,37.350090,217200
2018-01-08,38.669998,39.189999,38.200001,38.849998,37.514244,212300
2018-01-09,39.180000,39.580002,38.639999,38.990002,37.649429,364600
2018-01-10,39.139999,39.459999,38.650002,39.009998,37.668743,188600
2018-01-11,39.419998,40.900002,38.599998,40.889999,39.484104,252200
2018-01-12,41.000000,41.320000,40.610001,40.820000,39.416504,219600
2018-01-16,41.160000,41.439999,39.790001,40.009998,38.634357,235200
2018-01-17,40.099998,40.220001,39.330002,39.759998,38.392952,314900
2018-01-18,39.570000,39.990002,38.770000,39.360001,38.006710,247600
2018-01-19,39.459999,40.720001,39.459999,40.619999,39.223385,152700
2018-01-22,40.570000,41.500000,40.349998,41.500000,40.073132,243800
2018-01-23,41.259998,41.450001,40.130001,41.009998,39.599972,235500
2018-01-24,41.279999,41.299999,40.299999,40.660000,39.262009,239300
2018-01-25,40.720001,41.000000,40.209999,40.700001,39.300636,196700
2018-01-26,40.930000,41.349998,40.599998,41.200001,39.783447,118700
2018-01-29,41.220001,41.720001,40.180000,40.209999,38.827484,151800
2018-01-30,39.660000,40.369999,39.369999,40.270000,38.885418,162000
2018-01-31,40.459999,41.299999,39.299999,39.380001,38.026020,121600
2018-02-01,39.189999,40.049999,38.970001,39.450001,38.093616,149400
2018-02-02,39.080002,39.380001,36.900002,37.290001,36.007881,401500
2018-02-05,36.650002,37.930000,35.639999,35.730000,34.501514,333000
2018-02-06,34.900002,37.270000,34.500000,36.799999,35.534729,319000
2018-02-07,36.660000,37.849998,36.430000,37.419998,36.133404,171300
2018-02-08,37.430000,38.180000,35.799999,35.799999,34.569107,226800
2018-02-09,36.349998,36.599998,34.110001,35.220001,34.009052,343000
2018-02-12,35.540001,36.000000,34.660000,35.630001,34.404953,218700
2018-02-13,35.369999,36.450001,35.310001,35.959999,34.723606,232400
2018-02-14,35.529999,36.419998,35.529999,36.169998,34.926384,139700
2018-02-15,36.509998,36.509998,35.279999,36.080002,34.839485,188300
2018-02-16,36.529999,37.919998,36.520000,37.000000,35.727848,205700
2018-02-20,36.689999,37.599998,36.349998,36.849998,35.583008,159400
2018-02-21,36.680000,37.770000,36.540001,36.869999,35.602318,213400
2018-02-22,37.930000,39.000000,36.759998,37.889999,36.587250,237400
2018-02-23,38.200001,39.689999,38.200001,38.980000,37.639771,324700
2018-02-26,39.020000,39.020000,37.730000,38.259998,37.207020,226100
2018-02-27,38.240002,40.400002,37.590000,39.980000,38.879684,412800
2018-02-28,40.009998,40.230000,37.619999,37.689999,36.652706,361400
2018-03-01,37.599998,38.810001,36.869999,38.570000,37.508488,461200
2018-03-02,38.669998,41.040001,38.389999,40.180000,39.074181,760700
2018-03-05,40.020000,42.060001,39.330002,41.930000,40.776016,733700
2018-03-06,42.000000,44.070000,41.500000,44.070000,42.857121,747300
2018-03-07,43.660000,44.240002,42.119999,42.910000,41.729046,393200
2018-03-08,42.950001,43.470001,41.840000,42.520000,41.349781,294900
2018-03-09,42.770000,43.360001,42.540001,43.020000,41.836021,386200
2018-03-12,43.279999,43.330002,41.480000,41.720001,40.571796,344500
2018-03-13,42.090000,42.740002,41.750000,41.900002,40.746845,482400
2018-03-14,41.919998,41.919998,40.680000,40.779999,39.657665,259200
2018-03-15,40.930000,40.990002,39.919998,40.259998,39.151978,244400
2018-03-16,40.160000,41.189999,40.060001,40.889999,39.764641,417900
2018-03-19,40.759998,41.080002,39.950001,40.849998,39.725739,212000
2018-03-20,40.939999,41.700001,40.759998,40.820000,39.696564,265100
2018-03-21,40.810001,42.369999,40.500000,41.810001,40.659321,205500
2018-03-22,41.410000,41.410000,39.830002,39.849998,38.753258,242700
2018-03-23,40.000000,40.169998,38.580002,38.590000,37.527939,218100
2018-03-26,39.320000,39.549999,38.650002,39.369999,38.286472,403300
2018-03-27,39.630001,39.849998,37.860001,38.220001,37.168121,237000
2018-03-28,38.119999,38.459999,37.549999,37.810001,36.769405,213100
2018-03-29,37.849998,38.840000,37.790001,38.490002,37.430695,227600
2018-04-02,38.400002,38.509998,36.730000,37.110001,36.088673,309700
2018-04-03,37.369999,37.740002,36.849998,37.730000,36.691605,229000
2018-04-04,37.060001,38.279999,36.770000,38.070000,37.022247,251900
2018-04-05,38.189999,39.189999,37.759998,39.110001,38.033630,387400
2018-04-06,38.730000,39.900002,35.820000,36.240002,35.242615,467100
2018-04-09,36.490002,37.669998,36.070000,36.900002,35.884449,316200
2018-04-10,37.650002,39.500000,37.230000,38.820000,37.751610,362200
2018-04-11,38.410000,38.810001,37.830002,38.070000,37.022247,233700
2018-04-12,38.160000,39.509998,38.119999,39.189999,38.111423,262900
2018-04-13,39.590000,39.799999,38.750000,38.930000,37.858578,194800
2018-04-16,39.110001,40.380001,38.980000,39.980000,38.879684,266400
2018-04-17,40.320000,40.590000,39.880001,40.090000,38.986652,267800
2018-04-18,40.150002,40.650002,39.759998,40.279999,39.171425,196200
2018-04-19,39.880001,40.820000,38.639999,38.900002,37.829411,240400
2018-04-20,38.790001,39.430000,37.689999,37.779999,36.740231,252000
2018-04-23,37.950001,38.770000,37.680000,38.700001,37.634911,253200
2018-04-24,39.090000,39.250000,37.160000,37.389999,36.360966,329500
2018-04-25,37.430000,38.060001,36.669998,37.770000,36.730507,300700
2018-04-26,37.389999,37.500000,32.500000,32.590000,31.693068,1323900
2018-04-27,32.810001,34.990002,32.810001,34.360001,33.414356,616500
2018-04-30,34.299999,34.299999,32.340000,32.349998,31.459671,458500
2018-05-01,32.220001,32.660000,31.309999,32.520000,31.624996,679400
2018-05-02,32.610001,33.410000,32.610001,33.029999,32.120956,295300
2018-05-03,32.830002,33.200001,32.049999,32.770000,31.868116,427900
2018-05-04,32.759998,34.919998,32.340000,34.540001,33.589405,341600
2018-05-07,34.599998,36.209999,34.540001,35.790001,34.805000,331100
2018-05-08,35.750000,36.790001,35.660000,36.410000,35.407936,398900
2018-05-09,36.709999,37.560001,36.430000,37.220001,36.195648,379500
2018-05-10,37.340000,38.619999,37.220001,38.480000,37.420963,319100
2018-05-11,38.680000,38.860001,37.689999,38.060001,37.012524,325700
2018-05-14,38.110001,38.380001,36.970001,37.020000,36.001148,323000
2018-05-15,36.860001,37.779999,36.590000,37.669998,36.633259,210100
2018-05-16,37.779999,39.430000,37.779999,38.720001,37.654362,239900
2018-05-17,38.580002,39.220001,38.580002,38.790001,37.722435,158900
2018-05-18,38.889999,39.369999,38.740002,39.299999,38.218395,184900
2018-05-21,39.580002,40.389999,39.360001,39.790001,38.694912,277700
2018-05-22,40.000000,40.209999,37.919998,37.950001,36.905556,240300
2018-05-23,37.580002,37.980000,36.910000,37.779999,36.740231,202900
2018-05-24,37.619999,38.150002,37.139999,37.700001,36.662434,328500
2018-05-25,37.500000,37.830002,35.770000,36.020000,35.286064,283200
2018-05-29,35.480000,36.250000,34.590000,35.250000,34.531750,395700
2018-05-30,35.509998,35.959999,35.230000,35.320000,34.600327,277800
2018-05-31,35.220001,35.389999,34.410000,34.570000,33.865604,227000
2018-06-01,35.009998,36.590000,34.189999,35.369999,34.649307,246000
2018-06-04,35.540001,35.869999,34.919998,35.650002,34.923603,203400
2018-06-05,35.720001,37.099998,35.720001,37.060001,36.304871,353100
2018-06-06,37.099998,37.779999,36.889999,37.680000,36.912239,179800
2018-06-07,37.799999,38.330002,37.430000,37.680000,36.912239,197100
2018-06-08,37.730000,38.150002,37.200001,38.000000,37.225719,162900
2018-06-11,37.900002,38.419998,37.900002,38.290001,37.509808,109300
2018-06-12,38.279999,39.820000,38.259998,39.099998,38.303303,217400
2018-06-13,39.200001,39.369999,38.799999,38.880001,38.087788,249300
2018-06-14,39.040001,39.360001,38.049999,38.400002,37.617569,159900
2018-06-15,38.139999,38.220001,37.500000,37.860001,37.088570,179900
2018-06-18,37.750000,38.910000,37.470001,38.810001,38.019215,132100
2018-06-19,38.150002,38.810001,37.110001,38.730000,37.940842,168200
2018-06-20,38.980000,39.500000,38.500000,39.340000,38.538414,180400
2018-06-21,39.389999,39.389999,37.270000,37.430000,36.667332,267900
2018-06-22,37.959999,38.349998,37.549999,37.869999,37.098362,507000
2018-06-25,37.610001,37.610001,35.619999,36.450001,35.707298,291700
2018-06-26,36.430000,36.840000,35.820000,36.340000,35.599541,207400
2018-06-27,37.750000,39.310001,37.380001,37.619999,36.853458,530800
2018-06-28,37.720001,37.720001,36.730000,37.369999,36.608551,261800
2018-06-29,37.599998,38.680000,37.580002,37.610001,36.843662,261700
2018-07-02,37.270000,37.680000,36.689999,37.630001,36.863258,171400
2018-07-03,37.860001,38.590000,37.290001,37.610001,36.843662,117400
2018-07-05,37.869999,38.509998,36.830002,38.500000,37.715530,176900
2018-07-06,38.380001,39.049999,38.180000,38.220001,37.441235,156200
2018-07-09,38.290001,39.250000,38.290001,39.220001,38.420860,237700
2018-07-10,39.439999,39.439999,38.660000,39.090000,38.293507,171900
2018-07-11,38.680000,38.950001,37.860001,37.910000,37.137550,176000
2018-07-12,38.290001,38.290001,37.430000,37.660000,36.892643,171100
2018-07-13,37.779999,39.220001,37.779999,39.189999,38.391468,151100
2018-07-16,39.139999,39.369999,38.779999,39.009998,38.215137,166800
2018-07-17,39.009998,39.439999,38.650002,38.880001,38.087788,184500
2018-07-18,38.889999,39.389999,38.650002,39.160000,38.362080,228600
2018-07-19,39.150002,39.669998,38.820000,39.639999,38.832298,231000
2018-07-20,39.540001,39.980000,38.990002,39.009998,38.215137,108700
2018-07-23,39.070000,39.160000,38.220001,38.830002,38.038807,264400
2018-07-24,39.189999,39.220001,38.349998,38.650002,37.862473,269800
2018-07-25,38.520000,38.970001,37.840000,38.360001,37.578384,286000
2018-07-26,39.009998,40.200001,37.930000,39.240002,38.440453,722000
2018-07-27,39.540001,39.759998,38.009998,38.250000,37.470623,422400
2018-07-30,38.160000,38.529999,35.869999,35.919998,35.188099,328000
2018-07-31,36.189999,37.169998,35.759998,36.790001,36.040375,301200
2018-08-01,36.779999,37.169998,35.349998,35.849998,35.119522,239700
2018-08-02,35.779999,36.099998,35.250000,35.900002,35.168507,178600
2018-08-03,36.090000,36.580002,35.419998,35.779999,35.050949,220700
2018-08-06,35.740002,36.150002,35.490002,36.029999,35.295856,123900
2018-08-07,36.189999,36.650002,36.070000,36.230000,35.491783,129500
2018-08-08,36.119999,36.490002,35.549999,35.820000,35.090137,144800
2018-08-09,35.860001,36.509998,35.860001,35.959999,35.227283,172600
2018-08-10,35.630001,35.790001,34.259998,34.430000,33.728458,325700
2018-08-13,34.380001,35.060001,33.779999,34.029999,33.336609,199300
2018-08-14,34.220001,35.270000,34.220001,34.570000,33.865604,190500
2018-08-15,34.279999,34.290001,32.770000,33.340000,32.660671,159000
2018-08-16,33.570000,34.430000,33.570000,34.279999,33.581512,128100
2018-08-17,34.160000,34.299999,33.400002,33.560001,32.876186,233300
2018-08-20,33.500000,33.990002,32.720001,33.759998,33.345348,324100
2018-08-21,33.740002,34.410000,33.630001,34.320000,33.898472,293500
2018-08-22,34.279999,34.730000,33.930000,34.700001,34.273808,306400
2018-08-23,34.709999,34.759998,34.099998,34.490002,34.066387,207400
2018-08-24,34.639999,34.830002,34.340000,34.360001,33.937981,143600
2018-08-27,34.490002,35.130001,34.490002,34.779999,34.352821,129400
2018-08-28,34.810001,35.169998,34.310001,34.549999,34.125648,184300
2018-08-29,34.650002,35.230000,34.340000,35.070000,34.639259,203200
2018-08-30,35.070000,35.430000,34.720001,34.930000,34.500980,157000
2018-08-31,34.689999,34.930000,34.290001,34.810001,34.382458,185000
2018-09-04,34.840000,35.000000,34.060001,34.470001,34.046631,198000
2018-09-05,34.459999,34.660000,33.950001,34.270000,33.849087,145300
2018-09-06,34.310001,34.520000,33.130001,33.169998,32.762596,271000
2018-09-07,33.070000,33.529999,32.450001,32.740002,32.337879,249700
2018-09-10,33.090000,33.599998,33.020000,33.169998,32.762596,192100
2018-09-11,33.070000,34.360001,33.029999,34.340000,33.918228,255200
2018-09-12,34.360001,34.900002,33.919998,34.740002,34.313316,216800
2018-09-13,34.880001,35.240002,34.549999,35.049999,34.619507,189800
2018-09-14,35.119999,35.490002,34.860001,35.080002,34.649139,130000
2018-09-17,35.090000,35.209999,34.279999,34.660000,34.234299,141300
2018-09-18,34.950001,35.639999,34.549999,35.570000,35.133121,287100
2018-09-19,35.610001,36.480000,35.360001,36.000000,35.557838,164800
2018-09-20,36.220001,36.919998,36.009998,36.709999,36.259117,227400
2018-09-21,36.799999,37.130001,36.400002,37.000000,36.545555,341400
2018-09-24,37.000000,37.000000,36.480000,36.709999,36.259117,158200
2018-09-25,36.990002,37.169998,36.599998,36.750000,36.298626,279900
2018-09-26,36.869999,37.689999,36.669998,37.119999,36.664082,195200
2018-09-27,37.200001,37.720001,36.779999,37.650002,37.187576,155500
2018-09-28,37.540001,37.970001,37.430000,37.779999,37.315975,200300
2018-10-01,38.040001,38.430000,36.619999,36.700001,36.249241,383200
2018-10-02,36.689999,37.759998,36.259998,37.669998,37.207325,275300
2018-10-03,37.889999,39.330002,37.500000,39.160000,38.679028,355500
2018-10-04,39.119999,39.150002,38.419998,38.680000,38.204922,169600
2018-10-05,38.770000,38.869999,38.270000,38.619999,38.145657,341800
2018-10-08,38.480000,38.549999,36.830002,36.939999,36.486294,231100
2018-10-09,36.880001,37.150002,35.439999,35.509998,35.073856,351500
2018-10-10,35.439999,35.439999,33.049999,33.330002,32.920635,405100
2018-10-11,33.160000,33.849998,32.160000,32.209999,31.814388,355000
2018-10-12,32.980000,33.240002,30.430000,30.809999,30.431583,420900
2018-10-15,30.809999,31.570000,30.360001,30.920000,30.540234,268400
2018-10-16,30.900000,32.570000,30.379999,32.500000,32.100826,323200
2018-10-17,32.480000,32.480000,31.629999,32.400002,32.002056,196300
2018-10-18,32.099998,32.099998,26.450001,26.900000,26.569607,1020800
2018-10-19,27.010000,27.670000,25.280001,25.350000,25.038645,767300
2018-10-22,25.420000,25.950001,24.570000,25.150000,24.841101,779800
2018-10-23,24.530001,24.629999,23.459999,23.950001,23.655840,478500
2018-10-24,23.969999,24.270000,21.670000,21.980000,21.710035,868600
2018-10-25,23.170000,25.260000,22.070000,22.900000,22.618736,1187200
2018-10-26,22.000000,22.400000,19.570000,20.139999,19.892635,1338900
2018-10-29,20.600000,21.850000,19.930000,20.049999,19.803740,723800
2018-10-30,20.070000,22.150000,19.910000,22.120001,21.848318,707400
2018-10-31,23.459999,24.750000,23.350000,24.090000,23.794121,629600
2018-11-01,24.240000,24.510000,23.580000,24.059999,23.764488,434000
2018-11-02,24.070000,24.379999,23.280001,24.129999,23.833628,417700
2018-11-05,24.309999,24.590000,23.730000,24.360001,24.060804,340100
2018-11-06,24.309999,24.820000,23.840000,24.350000,24.050928,236800
2018-11-07,24.690001,25.590000,24.549999,25.200001,24.890488,325900
2018-11-08,25.020000,25.150000,24.370001,24.500000,24.199085,298600
2018-11-09,24.190001,24.500000,23.129999,24.290001,23.991665,254500
2018-11-12,24.090000,24.090000,22.870001,22.980000,22.697754,290500
2018-11-13,23.120001,23.610001,22.580000,22.610001,22.332298,259500
2018-11-14,23.010000,23.330000,22.000000,22.430000,22.154509,182100
2018-11-15,22.219999,22.480000,21.750000,22.389999,22.115000,272400
2018-11-16,22.030001,22.209999,21.280001,21.600000,21.600000,238700
2018-11-19,21.430000,21.730000,20.700001,21.040001,21.040001,214900
2018-11-20,20.410000,21.250000,19.950001,20.809999,20.809999,327400
2018-11-21,21.280001,22.500000,21.280001,22.049999,22.049999,312900
2018-11-23,21.440001,22.219999,21.389999,21.459999,21.459999,56100
2018-11-26,21.780001,22.520000,21.410000,21.770000,21.770000,187400
2018-11-27,21.440001,21.809999,20.740000,20.900000,20.900000,261300
2018-11-28,21.070000,22.139999,20.350000,22.110001,22.110001,297800
2018-11-29,22.120001,22.420000,21.559999,21.730000,21.730000,136100
2018-11-30,21.600000,22.360001,21.600000,22.150000,22.150000,283800
2018-12-03,22.980000,23.389999,22.290001,22.660000,22.660000,297900
2018-12-04,22.660000,22.660000,20.209999,20.309999,20.309999,462400
2018-12-06,20.040001,21.500000,19.170000,19.540001,19.540001,484400
2018-12-07,19.709999,20.000000,19.250000,19.620001,19.620001,940600
2018-12-10,19.100000,19.500000,18.120001,18.400000,18.400000,982900
2018-12-11,19.030001,19.340000,18.309999,18.420000,18.420000,736400
2018-12-12,18.840000,20.410000,18.760000,19.650000,19.650000,912500
2018-12-13,19.799999,20.370001,19.400000,20.010000,20.010000,639700
2018-12-14,19.790001,20.200001,19.260000,19.870001,19.870001,422900
2018-12-17,19.879999,20.209999,19.799999,19.900000,19.900000,600400
2018-12-18,20.040001,20.600000,19.740000,19.889999,19.889999,647300
2018-12-19,19.950001,20.730000,19.469999,19.639999,19.639999,529500
2018-12-20,20.219999,20.860001,19.450001,19.860001,19.860001,559200
2018-12-21,19.950001,20.389999,19.410000,19.690001,19.690001,785600
2018-12-24,19.500000,19.690001,18.740000,18.910000,18.910000,191500
2018-12-26,19.209999,20.590000,18.430000,20.559999,20.559999,665800
2018-12-27,20.540001,21.059999,19.750000,20.740000,20.740000,458500
2018-12-28,20.850000,21.950001,20.049999,20.459999,20.459999,301400
2018-12-31,20.480000,20.719999,19.719999,20.420000,20.420000,341100
2019-01-02,19.930000,21.389999,19.549999,21.389999,21.389999,378700
2019-01-03,21.110001,21.459999,20.110001,20.559999,20.559999,311200
2019-01-04,21.000000,22.680000,20.959999,22.219999,22.219999,394400
2019-01-07,22.290001,23.590000,21.820000,23.240000,23.240000,451000
2019-01-08,23.730000,24.410000,23.420000,24.290001,24.290001,412700
2019-01-09,24.620001,25.010000,24.049999,24.820000,24.820000,413900
2019-01-10,24.500000,25.150000,23.870001,24.709999,24.709999,235700
2019-01-11,24.500000,24.670000,23.780001,24.430000,24.430000,194900
2019-01-14,24.100000,24.379999,23.770000,24.100000,24.100000,136100
2019-01-15,24.209999,24.400000,23.570000,23.980000,23.980000,197800
2019-01-16,24.010000,24.360001,23.809999,23.980000,23.980000,176700
2019-01-17,23.830000,24.650000,23.760000,24.410000,24.410000,233200
2019-01-18,24.690001,26.129999,24.610001,25.420000,25.420000,319400
2019-01-22,25.190001,25.799999,24.730000,25.400000,25.400000,340100
